300
#There are still 3 missing node numbers as per the map.
1 2
2 3
3 4
4 6
4 5
7 6
7 8
8 9
1 18
18 19
19 9
19 20
20 21
21 22
22 8
52 19
52 53
53 54
54 55
55 56
56 57
57 58
58 53
8 10
10 11
11 12
4 13
13 12
12 14
14 15
15 16
16 17
5 15
17 51
51 50
50 49
49 48
48 47
46 47
15 46
12 24
24 25
25 26
26 27
27 28
28 29
29 30
30 31
31 32
32 33
33 34
34 35
35 36
36 37
37 30
30 74
73 74
73 72
72 71
71 70
69 70
68 69
67 68
67 66
66 65
65 64
64 63
63 62
62 75
75 61
61 60
60 59
59 30
63 212
212 211
211 213
211 210
210 208
208 209
209 21
207 208
207 202
202 205
205 206
202 203
203 204
202 201
201 200
200 199
199 57
15 122
122 121
121 117
117 118
118 220
220 221
220 219
117 116
116 112
112 114
112 113
117 119
119 48
48 120
120 112
114 115
115 141
141 142
1 23
23 76
76 77
77 78
78 87
87 86
86 88
88 89
89 17
50 95
95 94
50 178
178 179
55 162
162 161
161 160
78 79
79 80
80 85
85 86
160 151
151 150
151 152
152 153
153 154
154 163
163 164
164 165
165 166
166 167
167 168
168 169
169 170
170 156
156 155
155 151
156 157
157 158
158 159
150 97
97 103
103 102
159 102
102 171
102 177
171 172
172 173
177 176
173 174
174 175
174 176
102 101
101 100
100 99
98 99
97 98
97 96
96 76
145 144
144 143
143 140
140 149
149 138
138 148
148 147
147 146
146 145
138 137
137 133
139 133
140 139
133 134
134 135
135 136
133 132
132 126
126 127
127 128
128 129
129 130
130 131
131 125
125 124
124 107
107 108
108 109
109 110
110 111
107 106
106 105
105 104
104 90
90 84
84 83
83 82
82 81
81 80
80 215
215 216
216 217
217 218
218 83
83 93
93 92
92 94
91 92
90 91
90 198
198 197
197 196
196 190
190 189
189 188
188 187
187 186
186 191
186 185
192 191
192 193
90 193
92 194
192 194
92 195
179 180
180 181
195 181
181 182
182 183
183 184
185 184





